 Year     Month     Portfolio Value   Monthly Dividends     Cumulative Dividends
--------------------------------------------------------------------------------
    0         1             5549.53               18.44                    18.44
    0         2             6105.03               21.29                    39.73
    0         3             6666.79               24.41                    64.14
    0         4             7235.12               27.81                    91.95
    0         5             7810.38               31.52                   123.47
    0         6             8392.92               35.55                   159.02
    0         7             8983.15               39.95                   198.97
    0         8             9581.50               44.73                   243.70
    0         9            10188.43               49.93                   293.63
    0        10            10804.45               55.58                   349.22
    0        11            11430.09               61.73                   410.94
    0        12            12065.95               68.40                   479.34
    1         1            12712.64               75.65                   554.99
    1         2            13370.87               83.52                   638.51
    1         3            14041.36               92.06                   730.57
    1         4            14724.91              101.34                   831.91
    1         5            15422.40              111.41                   943.32
    1         6            16134.77              122.34                  1065.65
    1         7            16863.02              134.20                  1199.85
    1         8            17608.28              147.08                  1346.93
    1         9            18371.72              161.06                  1507.99
    1        10            19154.67              176.24                  1684.23
    1        11            19958.53              192.73                  1876.97
    1        12            20784.86              210.65                  2087.62
    2         1            21635.32              230.11                  2317.73
    2         2            22511.75              251.27                  2569.00
    2         3            23416.14              274.28                  2843.28
    2         4            24350.68              299.32                  3142.60
    2         5            25317.75              326.56                  3469.16
    2         6            26319.97              356.23                  3825.40
    2         7            27360.18              388.57                  4213.96
    2         8            28441.52              423.82                  4637.78
    2         9            29567.44              462.28                  5100.06
    2        10            30741.72              504.28                  5604.34
    2        11            31968.54              550.17                  6154.51
    2        12            33252.49              600.37                  6754.88
    3         1            34598.64              655.31                  7410.19
    3         2            36012.62              715.52                  8125.71
    3         3            37500.63              781.56                  8907.27
    3         4            39069.57              854.08                  9761.36
    3         5            40727.12              933.81                 10695.17
    3         6            42481.80             1021.58                 11716.75
    3         7            44343.14             1118.31                 12835.06
    3         8            46321.76             1225.08                 14060.14
    3         9            48429.59             1343.09                 15403.22
    3        10            50679.97             1473.73                 16876.95
    3        11            53087.93             1618.58                 18495.54
    3        12            55670.40             1779.47                 20275.01
    4         1            58446.49             1958.49                 22233.50
    4         2            61437.83             2158.05                 24391.55
    4         3            64668.97             2380.94                 26772.49
    4         4            68167.85             2630.40                 29402.89
    4         5            71966.32             2910.21                 32313.10
    4         6            76100.81             3224.75                 35537.85
    4         7            80613.09             3579.17                 39117.03
    4         8            85551.23             3979.51                 43096.54
    4         9            90970.65             4432.87                 47529.41

Reached target annual dividends of 50250.00 euros.
Total months needed: 57
Total time: 4 years and 9 months
Final portfolio value: 90970.65 euros
Final anual dividends: 53194.47 euros
Cumulative dividends recieved: 47529.41 euros
