Year  Month      Portfolio Value      Monthly Dividends    Cumulative Dividends     
--------------------------------------------------------------------------------
0     1          13107.35             54.39                54.39                    
0     2          16240.53             67.55                121.94                   
0     3          19399.81             80.89                202.83                   
0     4          22585.48             94.41                297.24                   
0     5          25797.82             108.10               405.34                   
0     6          29037.11             121.97               527.31                   
0     7          32303.66             136.03               663.34                   
0     8          35597.76             150.27               813.61                   
0     9          38919.71             164.69               978.30                   
0     10         42269.80             179.31               1157.61                  
0     11         45648.35             194.12               1351.73                  
0     12         49055.67             209.12               1560.84                  
1     1          52492.07             224.32               1785.16                  
1     2          55957.86             239.71               2024.87                  
1     3          59453.38             255.31               2280.19                  
1     4          62978.94             271.12               2551.30                  
1     5          66534.87             287.13               2838.43                  
1     6          70121.51             303.35               3141.78                  
1     7          73739.20             319.78               3461.56                  
1     8          77388.28             336.43               3798.00                  
1     9          81069.09             353.30               4151.30                  
1     10         84781.99             370.39               4521.68                  
1     11         88527.32             387.70               4909.38                  
1     12         92305.45             405.24               5314.62                  
2     1          96116.74             423.01               5737.63                  
2     2          99961.57             441.01               6178.63                  
2     3          103840.29            459.24               6637.88                  
2     4          107753.29            477.72               7115.60                  
2     5          111700.95            496.44               7612.03                  
2     6          115683.65            515.40               8127.44                  
2     7          119701.80            534.61               8662.05                  
2     8          123755.78            554.07               9216.12                  
2     9          127845.99            573.79               9789.91                  
2     10         131972.84            593.77               10383.68                 
2     11         136136.74            614.01               10997.69                 
2     12         140338.11            634.51               11632.20                 
3     1          144577.37            655.28               12287.48                 
3     2          148854.94            676.33               12963.81                 
3     3          153171.26            697.65               13661.45                 
3     4          157526.77            719.24               14380.70                 
3     5          161921.90            741.13               15121.82                 
3     6          166357.11            763.30               15885.12                 
3     7          170832.85            785.76               16670.88                 
3     8          175349.58            808.51               17479.39                 
3     9          179907.76            831.57               18310.95                 
3     10         184507.87            854.92               19165.88                 
3     11         189150.39            878.58               20044.46                 
3     12         193835.79            902.56               20947.02                 
4     1          198564.57            926.85               21873.86                 
4     2          203337.22            951.45               22825.32                 
4     3          208154.25            976.38               23801.70                 
4     4          213016.16            1001.64              24803.34                 
4     5          217923.47            1027.23              25830.58                 
4     6          222876.70            1053.16              26883.73                 
4     7          227876.37            1079.43              27963.16                 
4     8          232923.04            1106.04              29069.20                 
4     9          238017.22            1133.01              30202.21                 
4     10         243159.48            1160.32              31362.53                 
4     11         248350.37            1188.00              32550.54                 
4     12         253590.45            1216.05              33766.58                 
5     1          258880.29            1244.46              35011.04                 
5     2          264220.47            1273.25              36284.29                 
5     3          269611.57            1302.42              37586.71                 
5     4          275054.20            1331.97              38918.68                 
5     5          280548.94            1361.91              40280.59                 
5     6          286096.40            1392.25              41672.84                 
5     7          291697.21            1422.99              43095.83                 
5     8          297351.98            1454.14              44549.97                 
5     9          303061.34            1485.69              46035.66                 
5     10         308825.94            1517.67              47553.33                 
5     11         314646.43            1550.07              49103.40                 
5     12         320523.45            1582.89              50686.29                 
6     1          326457.68            1616.16              52302.45                 
6     2          332449.80            1649.86              53952.31                 
6     3          338500.47            1684.01              55636.32                 
6     4          344610.40            1718.61              57354.94                 
6     5          350780.29            1753.68              59108.61                 
6     6          357010.84            1789.21              60897.82                 
6     7          363302.77            1825.21              62723.03                 
6     8          369656.82            1861.69              64584.71                 
6     9          376073.72            1898.65              66483.36                 
6     10         382554.22            1936.11              68419.47                 
6     11         389099.08            1974.06              70393.54                 
6     12         395709.07            2012.52              72406.06                 
7     1          402384.95            2051.50              74457.56                 
7     2          409127.54            2090.99              76548.55                 
7     3          415937.61            2131.01              78679.56                 
7     4          422815.98            2171.57              80851.13                 
7     5          429763.48            2212.67              83063.80                 
7     6          436780.92            2254.31              85318.12                 
7     7          443869.16            2296.52              87614.64                 
7     8          451029.05            2339.29              89953.92                 
7     9          458261.46            2382.63              92336.56                 
7     10         465567.25            2426.56              94763.11                 
7     11         472947.32            2471.07              97234.18                 
7     12         480402.56            2516.18              99750.36                 
8     1          487933.90            2561.89              102312.25                
8     2          495542.25            2608.23              104920.48                
8     3          503228.55            2655.18              107575.66                
8     4          510993.75            2702.76              110278.42                
8     5          518838.82            2750.99              113029.41                
8     6          526764.72            2799.87              115829.28                
8     7          534772.46            2849.40              118678.69                
8     8          542863.01            2899.61              121578.29                
8     9          551037.42            2950.49              124528.78                
8     10         559296.70            3002.06              127530.84                
8     11         567641.89            3054.33              130585.17                
8     12         576074.06            3107.30              133692.47                
9     1          584594.27            3160.99              136853.47                
9     2          593203.62            3215.41              140068.88                
9     3          601903.19            3270.57              143339.45                
9     4          610694.12            3326.48              146665.93                
9     5          619577.53            3383.14              150049.08                
9     6          628554.57            3440.58              153489.66                
9     7          637626.40            3498.80              156988.46                
9     8          646794.21            3557.81              160546.27                
9     9          656059.17            3617.62              164163.89                
9     10         665422.52            3678.26              167842.15                
9     11         674885.47            3739.71              171581.86                
9     12         684449.27            3802.01              175383.87                
10    1          694115.18            3865.16              179249.03                
10    2          703884.49            3929.17              183178.20                
10    3          713758.48            3994.06              187172.26                
10    4          723738.48            4059.84              191232.10                
10    5          733825.83            4126.52              195358.63                
10    6          744021.86            4194.12              199552.74                

Reached target annual dividends of 50000 euros.
Total months needed: 126
Total time: 10 years and 6 months
Final portfolio value: 744022 euros
Final annual dividends: 50329.4 euros
Cumulative dividends received: 199553 euros
